112
WRC15_33  	0	0.0895781	0.0396389	0.0911538	0.0797832	0.116021	0.0706095	0.129864	0.0450005	0.0812754	0.0407923	0.0797692	0.0455697	0.0892822	0.0549279	0.0996651	0.0510205	0.0788192	0.0396021	0.0838368	0.0558721	0.0988058	0.0630868	0.0810201	0.0755744	0.108616	0.0654793	0.0698787	0.0589639	0.0850464	0.0755183	0.0963722	0.0977323	0.111037	0.110205	0.155826	0.10383	0.0936259	0.0898216	0.0952396	0.0956217	0.124661	0.102896	0.137653	0.109479	0.102305	0.100664	0.132749	0.124744	0.100171	0.150503	0.122357	0.119459	0.0939885	0.142581	0.104175	0.155809	0.13672	0.123943	0.108032	0.122951	0.110221	0.115549	0.160429	0.088782	0.142546	0.0749618	0.130521	0.149402	0.142381	0.134175	0.151993	0.0807682	0.10905	0.0761534	0.104718	0.0776184	0.115476	0.092929	0.103572	0.137114	0.148733	0.0811607	0.128145	0.115351	0.141896	0.0898175	0.129483	0.0884375	0.116466	0.083347	0.0830418	0.0804965	0.103652	0.119674	0.110363	0.130852	0.114634	0.117621	0.107754	0.102445	0.0876874	0.130892	0.120006	0.140039	0.111746	0.116837	0.106728	0.0935194	0.140846	0.12238	0.101872
WRC15_34  	0.0895781	0	0.0885673	0.0433739	0.12386	0.0826864	0.129918	0.0779961	0.0848629	0.0521008	0.093223	0.0373375	0.104983	0.0764604	0.118518	0.0517322	0.0829579	0.0721406	0.0826799	0.0509914	0.11292	0.0658691	0.129049	0.0784175	0.0983254	0.0879391	0.105296	0.0740759	0.103713	0.0877614	0.135499	0.0713957	0.156599	0.0753143	0.16234	0.137816	0.143875	0.0781333	0.145613	0.0865325	0.149575	0.096495	0.141523	0.126443	0.154861	0.10957	0.148191	0.0990121	0.179295	0.0975479	0.201366	0.132163	0.165755	0.113278	0.195515	0.120165	0.205643	0.115171	0.17503	0.127432	0.172531	0.131259	0.168604	0.188011	0.102332	0.137606	0.125346	0.116366	0.151289	0.130363	0.150579	0.129168	0.114921	0.100073	0.112161	0.114299	0.135948	0.114425	0.153466	0.125321	0.151872	0.138961	0.106086	0.12694	0.130214	0.131064	0.133475	0.124717	0.127163	0.109419	0.131055	0.106746	0.133715	0.112377	0.179083	0.123224	0.13137	0.169251	0.165763	0.117494	0.155711	0.108736	0.184227	0.145569	0.155311	0.160485	0.162259	0.10399	0.144928	0.143807	0.158436	0.127574
WRC15_35  	0.0396389	0.0885673	0	0.090692	0.0907484	0.129543	0.088297	0.136937	0.0569943	0.0924218	0.0481542	0.0850692	0.0689632	0.100139	0.0674678	0.105621	0.0600777	0.0938286	0.0455167	0.0946364	0.0773558	0.111093	0.0797462	0.0879408	0.0880219	0.12012	0.0717039	0.0780143	0.069194	0.0963571	0.0838248	0.0991254	0.115531	0.118192	0.124849	0.158879	0.107276	0.102896	0.107353	0.106306	0.114309	0.134195	0.107575	0.142241	0.111409	0.116593	0.115459	0.13528	0.135528	0.108988	0.158759	0.130122	0.126762	0.107947	0.152152	0.11441	0.167791	0.142679	0.135047	0.116032	0.126994	0.119097	0.120129	0.164527	0.0895763	0.141753	0.0702871	0.122115	0.155383	0.150102	0.138081	0.16024	0.0772504	0.111863	0.0730944	0.102646	0.0865856	0.118448	0.101524	0.104847	0.134544	0.153374	0.0838215	0.125634	0.119344	0.148356	0.094476	0.129798	0.0898774	0.121848	0.0849419	0.0845825	0.0852069	0.10658	0.123158	0.111309	0.137389	0.122725	0.123987	0.110321	0.110233	0.0896995	0.136224	0.12271	0.138236	0.119243	0.123848	0.109503	0.101388	0.136993	0.124979	0.103473
WRC15_36  	0.0911538	0.0433739	0.090692	0	0.121269	0.0869498	0.12832	0.0762258	0.0838513	0.0541122	0.093034	0.0438343	0.106187	0.0706435	0.122783	0.0565856	0.0812908	0.073919	0.0879667	0.0476407	0.11232	0.071767	0.130745	0.0757848	0.0928375	0.0843733	0.103638	0.0731591	0.103355	0.0860466	0.136298	0.0572625	0.154195	0.0618135	0.161717	0.123941	0.134196	0.0744952	0.144599	0.0849205	0.14875	0.0934511	0.132672	0.111923	0.145955	0.104177	0.148164	0.0866862	0.176984	0.0812434	0.200166	0.114425	0.16361	0.107605	0.193484	0.112224	0.197851	0.104872	0.173578	0.11385	0.170453	0.119947	0.163152	0.174633	0.101784	0.136523	0.12187	0.118437	0.151161	0.129252	0.146772	0.126961	0.114488	0.106345	0.109243	0.108242	0.132828	0.109232	0.150219	0.120135	0.152357	0.136008	0.101559	0.124053	0.130246	0.127903	0.130708	0.12103	0.122478	0.102702	0.126366	0.095526	0.131194	0.107901	0.175322	0.11319	0.116426	0.163625	0.161118	0.102765	0.151112	0.0992135	0.177127	0.133236	0.140652	0.153647	0.158883	0.0909389	0.139198	0.12451	0.15096	0.11747
WRC15_37  	0.0797832	0.12386	0.0907484	0.121269	0	0.0915467	0.0527647	0.133056	0.0779619	0.0948068	0.076851	0.114094	0.067046	0.0889601	0.0873713	0.118849	0.0682084	0.0795768	0.0782913	0.0990836	0.0671758	0.100559	0.0907576	0.076852	0.0792455	0.081517	0.0699265	0.0906022	0.0599309	0.0874821	0.0756773	0.120229	0.0900507	0.116693	0.109725	0.132091	0.091985	0.100608	0.0946599	0.105989	0.0970753	0.116802	0.0778819	0.124249	0.10145	0.1064	0.111669	0.148937	0.112858	0.0938176	0.144255	0.110282	0.11414	0.102752	0.137326	0.10391	0.138039	0.138217	0.120421	0.105364	0.11928	0.113453	0.100052	0.175905	0.089824	0.133959	0.0839592	0.127007	0.104982	0.118476	0.0944117	0.129648	0.106064	0.106681	0.100057	0.112382	0.0810267	0.105665	0.102127	0.102216	0.135975	0.126979	0.0789745	0.116978	0.0936212	0.120016	0.0818404	0.118435	0.0929544	0.103344	0.0835237	0.0946055	0.0794454	0.102378	0.114586	0.12202	0.114165	0.108652	0.115737	0.117286	0.106525	0.10202	0.121142	0.116432	0.140177	0.0939451	0.10795	0.118193	0.0891802	0.135614	0.0984209	0.111415
WRC15_38  	0.116021	0.0826864	0.129543	0.0869498	0.0915467	0	0.106423	0.0704685	0.116157	0.0599886	0.122513	0.0822714	0.108621	0.0686671	0.139049	0.073614	0.104349	0.0662223	0.115955	0.064524	0.109915	0.0568755	0.139331	0.0804047	0.107517	0.0621506	0.114549	0.0938704	0.105632	0.0867223	0.130985	0.0947387	0.139638	0.08013	0.155882	0.11766	0.123328	0.0883491	0.141103	0.0989826	0.136433	0.0874674	0.115009	0.111782	0.137096	0.109031	0.146606	0.117935	0.164391	0.0941504	0.190939	0.109689	0.158516	0.113423	0.187844	0.111302	0.180811	0.117804	0.166585	0.124542	0.169297	0.130891	0.149111	0.188006	0.110674	0.134527	0.127587	0.130298	0.115867	0.0977131	0.11786	0.094304	0.144536	0.0941079	0.137517	0.120225	0.122892	0.0962314	0.146681	0.119977	0.156015	0.112164	0.107502	0.121168	0.114065	0.103038	0.1215	0.115134	0.13069	0.0868752	0.130117	0.116079	0.126105	0.102818	0.163997	0.130461	0.0974254	0.149501	0.156529	0.124497	0.149366	0.12031	0.164495	0.136989	0.151127	0.131265	0.155116	0.114806	0.137763	0.150644	0.135264	0.133107
WRC15_39  	0.0706095	0.129918	0.088297	0.12832	0.0527647	0.106423	0	0.136021	0.0797896	0.10132	0.0759157	0.118401	0.0528052	0.0946955	0.0662445	0.120118	0.0799323	0.0838961	0.0819565	0.104536	0.050914	0.0964719	0.0623294	0.0808079	0.087193	0.103945	0.074958	0.0888724	0.0627534	0.0820697	0.0655805	0.117646	0.054193	0.117154	0.0784012	0.145232	0.0853026	0.0938765	0.0611343	0.0945288	0.0578965	0.109988	0.0772357	0.131908	0.088236	0.0839468	0.0768942	0.143541	0.0837349	0.0892343	0.115407	0.0999925	0.0893044	0.0825027	0.107808	0.0888219	0.112062	0.13237	0.0893876	0.0896567	0.0911838	0.0948726	0.0739762	0.155107	0.104634	0.150996	0.0915601	0.146702	0.126081	0.137269	0.10205	0.141574	0.107638	0.116028	0.0967468	0.117073	0.0660024	0.108996	0.0742639	0.0987318	0.154039	0.144416	0.0893939	0.131793	0.10393	0.129293	0.0810597	0.125383	0.092925	0.115953	0.0865518	0.0903729	0.0792437	0.100181	0.10391	0.115663	0.11414	0.0792956	0.08866	0.108897	0.0778691	0.0903101	0.0998009	0.1097	0.135838	0.0718231	0.0794422	0.111769	0.0653096	0.142917	0.0933942	0.103781
WRC15_40  	0.129864	0.0779961	0.136937	0.0762258	0.133056	0.0704685	0.136021	0	0.129992	0.076596	0.136654	0.0728343	0.123619	0.0859184	0.15362	0.0581868	0.12413	0.0863619	0.133855	0.0709679	0.127984	0.0731914	0.152389	0.0971334	0.119641	0.087361	0.131117	0.10268	0.128806	0.103043	0.15421	0.0801178	0.158262	0.0643675	0.170531	0.108978	0.128041	0.0893136	0.155391	0.101732	0.154325	0.0739125	0.126742	0.103559	0.143335	0.112346	0.159851	0.0906414	0.183355	0.0898734	0.207109	0.107238	0.171925	0.117829	0.204325	0.116312	0.199256	0.0890979	0.183656	0.120785	0.180295	0.130307	0.1671	0.177782	0.131219	0.149282	0.149635	0.139857	0.146416	0.120831	0.145693	0.110157	0.142624	0.115501	0.140066	0.132091	0.145906	0.110082	0.158627	0.131478	0.17867	0.1291	0.133149	0.133514	0.139446	0.118567	0.149552	0.118221	0.142358	0.103801	0.148671	0.112122	0.148639	0.116089	0.180741	0.120244	0.106074	0.159175	0.166046	0.108834	0.157367	0.115643	0.173445	0.129939	0.135649	0.149713	0.16549	0.101949	0.146971	0.136297	0.150137	0.119444
WRC15_41  	0.0450005	0.0848629	0.0569943	0.0838513	0.0779619	0.116157	0.0797896	0.129992	0	0.0791845	0.0274979	0.0809243	0.0437293	0.0860808	0.0619023	0.102724	0.0344551	0.0647122	0.0348899	0.0805195	0.0483948	0.0897947	0.0638605	0.0682294	0.0510133	0.0966896	0.0468949	0.065629	0.0515027	0.0715679	0.0729553	0.0941029	0.0935003	0.102659	0.101616	0.153664	0.111441	0.0739252	0.0818078	0.0740727	0.0922884	0.108314	0.109858	0.141648	0.120059	0.0876594	0.0915405	0.125263	0.12059	0.0807401	0.14498	0.10887	0.110483	0.0814585	0.133353	0.0880997	0.149381	0.124257	0.113839	0.0905044	0.114326	0.0926488	0.113695	0.165251	0.0958071	0.146727	0.0875155	0.133731	0.155514	0.145563	0.140937	0.155272	0.0865655	0.115962	0.0770424	0.112469	0.0958087	0.117457	0.111383	0.11081	0.147215	0.151766	0.0809145	0.13389	0.121763	0.143887	0.0979549	0.133738	0.0962264	0.11949	0.0929139	0.0883695	0.0939938	0.106779	0.138416	0.115508	0.13144	0.131034	0.125082	0.103531	0.114119	0.0874871	0.144899	0.124972	0.142981	0.123261	0.109743	0.0997942	0.0943556	0.129232	0.130157	0.105435
WRC15_42  	0.0812754	0.0521008	0.0924218	0.0541122	0.0948068	0.0599886	0.10132	0.076596	0.0791845	0	0.0863547	0.042731	0.0839028	0.0506353	0.108215	0.0477178	0.0702879	0.044677	0.0778055	0.0345246	0.0920366	0.0442385	0.11297	0.0586521	0.0863018	0.0668404	0.0871621	0.0555743	0.0803294	0.0651604	0.110965	0.0667038	0.131791	0.0708008	0.145783	0.125752	0.121034	0.0676741	0.127597	0.0742518	0.126114	0.0884631	0.116929	0.110885	0.133107	0.0941756	0.130917	0.100289	0.154836	0.0816965	0.183752	0.108825	0.149141	0.0976198	0.176539	0.102427	0.177202	0.109543	0.157219	0.111312	0.156888	0.11544	0.140406	0.178093	0.095907	0.131166	0.112399	0.119926	0.134631	0.115783	0.129869	0.114186	0.118628	0.0922197	0.111348	0.104381	0.116513	0.0976069	0.134074	0.106398	0.145682	0.123972	0.0907388	0.116064	0.113724	0.115302	0.111374	0.114712	0.113713	0.0894803	0.11435	0.0928241	0.117398	0.0977788	0.158544	0.110062	0.108626	0.146947	0.151935	0.109525	0.139391	0.101582	0.161048	0.127282	0.143637	0.137329	0.147282	0.0989576	0.126012	0.137056	0.136977	0.120415
WRC15_43  	0.0407923	0.093223	0.0481542	0.093034	0.076851	0.122513	0.0759157	0.136654	0.0274979	0.0863547	0	0.0861289	0.0454295	0.0915215	0.052016	0.107094	0.0367512	0.0748871	0.0340319	0.0885622	0.0531255	0.098258	0.0575609	0.0754403	0.0599786	0.104674	0.045587	0.0708995	0.0523685	0.0803264	0.0666347	0.10022	0.0921591	0.112462	0.0996288	0.157274	0.108471	0.0852682	0.0810745	0.0859808	0.0915917	0.118687	0.107624	0.145294	0.112642	0.0944949	0.0910866	0.131786	0.118085	0.091161	0.139339	0.113779	0.108043	0.0892224	0.13253	0.0918374	0.149139	0.132514	0.112759	0.0941636	0.109346	0.0986728	0.106274	0.163319	0.0974103	0.150364	0.0848808	0.136773	0.158474	0.151603	0.143841	0.161924	0.0888164	0.121693	0.0768624	0.115547	0.0940652	0.124246	0.106178	0.112516	0.148475	0.156913	0.0825753	0.136437	0.124002	0.149609	0.0955811	0.137644	0.0984985	0.125985	0.0927595	0.0907971	0.0918945	0.111951	0.131744	0.118133	0.138068	0.127715	0.122122	0.10957	0.112508	0.0899951	0.140826	0.127715	0.145029	0.12175	0.10955	0.107209	0.0921694	0.133402	0.129241	0.108455
WRC15_44  	0.0797692	0.0373375	0.0850692	0.0438343	0.114094	0.0822714	0.118401	0.0728343	0.0809243	0.042731	0.0861289	0	0.0929838	0.0704096	0.108407	0.039842	0.0788723	0.0644506	0.0766995	0.0411165	0.102369	0.0612684	0.117698	0.0719894	0.0944038	0.0876134	0.0968993	0.0622094	0.092373	0.0804047	0.122617	0.0619451	0.14322	0.0732013	0.155632	0.133341	0.133765	0.0766643	0.136409	0.0820173	0.137907	0.0940048	0.132498	0.118093	0.145648	0.104249	0.140011	0.096312	0.169665	0.0933998	0.197075	0.124229	0.163173	0.109642	0.190172	0.115595	0.197967	0.111665	0.170957	0.121374	0.16861	0.126616	0.160827	0.179117	0.101103	0.136588	0.118965	0.120583	0.146305	0.12885	0.142799	0.12578	0.115007	0.0976679	0.107925	0.10658	0.126562	0.107307	0.143099	0.114748	0.149646	0.135302	0.101979	0.120544	0.124818	0.127732	0.125391	0.118097	0.120418	0.100096	0.122489	0.09547	0.127114	0.103404	0.168111	0.112236	0.121694	0.158696	0.161385	0.111185	0.147339	0.103321	0.17411	0.13473	0.146526	0.150662	0.159096	0.100712	0.138302	0.140603	0.148988	0.119467
WRC15_45  	0.0455697	0.104983	0.0689632	0.106187	0.067046	0.108621	0.0528052	0.123619	0.0437293	0.0839028	0.0454295	0.0929838	0	0.0869501	0.0518905	0.106792	0.0533259	0.0604565	0.0497131	0.0869687	0.031112	0.0886519	0.0488566	0.0709022	0.0596446	0.0962811	0.0527035	0.0702312	0.0503885	0.0711556	0.0641146	0.100308	0.0687146	0.101752	0.0849573	0.152894	0.100988	0.0761571	0.0652038	0.075322	0.0683393	0.103747	0.0986384	0.13562	0.105004	0.0733148	0.075132	0.128958	0.0969936	0.0782061	0.125397	0.0993052	0.0937499	0.0666355	0.116335	0.0758584	0.124666	0.122477	0.0965991	0.0807311	0.0983779	0.0806391	0.093169	0.151172	0.10776	0.158315	0.0919191	0.149977	0.148689	0.144688	0.131049	0.150234	0.0997567	0.122056	0.0891594	0.121911	0.079863	0.12122	0.0896231	0.112599	0.160653	0.153274	0.0921808	0.140103	0.117543	0.13993	0.093979	0.134982	0.100667	0.123092	0.0951919	0.0908568	0.0878661	0.110774	0.125186	0.118163	0.127323	0.109668	0.106579	0.105203	0.09184	0.0882785	0.127685	0.118139	0.138179	0.106365	0.0940552	0.102452	0.0762595	0.13214	0.120697	0.10141
WRC15_46  	0.0892822	0.0764604	0.100139	0.0706435	0.0889601	0.0686671	0.0946955	0.0859184	0.0860808	0.0506353	0.0915215	0.0704096	0.0869501	0	0.113544	0.0614015	0.0757129	0.0575306	0.0896543	0.0561906	0.0928449	0.0551965	0.115556	0.0553601	0.0875996	0.0657978	0.0858696	0.0591207	0.0776454	0.0619139	0.108556	0.0699292	0.131694	0.07251	0.139813	0.104472	0.103748	0.0712017	0.126296	0.0834088	0.124938	0.0952338	0.0980597	0.0960906	0.112535	0.0998143	0.133273	0.0966452	0.15474	0.0789008	0.17964	0.0952377	0.143603	0.0970325	0.175589	0.0934032	0.166479	0.111642	0.154402	0.103162	0.151619	0.10947	0.131314	0.171681	0.0931501	0.134294	0.113194	0.121845	0.12972	0.110316	0.121841	0.109713	0.121135	0.0968665	0.114789	0.1099	0.111414	0.0903093	0.132415	0.104123	0.147415	0.122913	0.0905731	0.119388	0.111051	0.10919	0.10708	0.11013	0.114238	0.0907127	0.112341	0.0909015	0.112611	0.0906504	0.152303	0.109303	0.0995213	0.143429	0.144887	0.102808	0.137932	0.101188	0.151156	0.124243	0.135024	0.128527	0.13886	0.0972224	0.122611	0.12259	0.125046	0.116232
WRC15_47  	0.0549279	0.118518	0.0674678	0.122783	0.0873713	0.139049	0.0662445	0.15362	0.0619023	0.108215	0.052016	0.108407	0.0518905	0.113544	0	0.124055	0.0726364	0.0920526	0.056625	0.109914	0.0593301	0.110715	0.0320269	0.0956815	0.0911752	0.130258	0.0718677	0.0878669	0.063505	0.0940791	0.0569679	0.116573	0.0735531	0.132201	0.0865008	0.182222	0.116487	0.10172	0.0690106	0.0989131	0.0766353	0.133241	0.114174	0.167551	0.11938	0.103975	0.0800911	0.14848	0.10081	0.110455	0.122381	0.131795	0.100091	0.0954808	0.116201	0.108738	0.141181	0.150807	0.10011	0.112158	0.0971586	0.111654	0.0979179	0.159155	0.106373	0.161689	0.0937817	0.151212	0.166103	0.163833	0.145773	0.173354	0.0903412	0.122918	0.079919	0.118067	0.0789725	0.130486	0.0802805	0.11056	0.156212	0.169625	0.0914093	0.144917	0.125161	0.16171	0.0875354	0.147952	0.0975115	0.138071	0.092746	0.102225	0.0872248	0.117894	0.118332	0.124386	0.149079	0.111455	0.101076	0.119678	0.0904533	0.0931947	0.129405	0.131131	0.150965	0.111063	0.094912	0.119871	0.0803029	0.149997	0.124499	0.11557
WRC15_48  	0.0996651	0.0517322	0.105621	0.0565856	0.118849	0.073614	0.120118	0.0581868	0.102724	0.0477178	0.107094	0.039842	0.106792	0.0614015	0.124055	0	0.0957577	0.0722404	0.0986624	0.0468296	0.112972	0.0528297	0.130937	0.0748775	0.110979	0.0802102	0.107999	0.0677639	0.0993328	0.0798249	0.127861	0.0658133	0.15205	0.0754196	0.165773	0.120921	0.131854	0.0824248	0.146686	0.089503	0.14503	0.0916602	0.128471	0.111341	0.143462	0.110715	0.15001	0.0945783	0.17664	0.097879	0.203921	0.122409	0.170568	0.115444	0.197488	0.119641	0.191408	0.110432	0.178306	0.127191	0.175275	0.135051	0.15977	0.180092	0.108215	0.136388	0.125276	0.122312	0.141279	0.117598	0.139912	0.112388	0.130472	0.0978028	0.1227	0.11426	0.128185	0.104193	0.14401	0.112933	0.155167	0.126235	0.108977	0.120774	0.125035	0.117583	0.126696	0.113359	0.125682	0.0987218	0.126671	0.0977014	0.127326	0.100021	0.166392	0.113281	0.116807	0.155362	0.167522	0.117017	0.15311	0.112926	0.171035	0.133679	0.149953	0.146436	0.166133	0.107892	0.144063	0.144507	0.145426	0.126303
WRC15_49  	0.0510205	0.0829579	0.0600777	0.0812908	0.0682084	0.104349	0.0799323	0.12413	0.0344551	0.0702879	0.0367512	0.0788723	0.0533259	0.0757129	0.0726364	0.0957577	0	0.059401	0.0372923	0.0714557	0.0566115	0.0828961	0.076512	0.0575983	0.0481618	0.0821396	0.042544	0.0597638	0.0465748	0.0637666	0.0761114	0.0911273	0.103831	0.102628	0.115102	0.141611	0.111456	0.0785017	0.0942685	0.0792839	0.103473	0.111385	0.106326	0.132856	0.120762	0.0977374	0.107436	0.126449	0.130594	0.0860495	0.158174	0.108235	0.12377	0.0932991	0.147829	0.0953055	0.152873	0.128938	0.129311	0.100188	0.128311	0.103581	0.116594	0.171531	0.0873878	0.135947	0.0868312	0.121809	0.140387	0.131578	0.128385	0.141698	0.0889631	0.108862	0.0839105	0.107158	0.0949847	0.109379	0.113519	0.106755	0.135811	0.137923	0.0745187	0.123677	0.113201	0.130767	0.0940157	0.122548	0.0930087	0.106338	0.0903113	0.0837658	0.0924494	0.10123	0.13921	0.111017	0.124222	0.132109	0.133046	0.105573	0.120249	0.0911936	0.14527	0.120147	0.13917	0.123544	0.120957	0.104566	0.100849	0.125713	0.125906	0.104726
WRC15_50  	0.0788192	0.0721406	0.0938286	0.073919	0.0795768	0.0662223	0.0838961	0.0863619	0.0647122	0.044677	0.0748871	0.0644506	0.0604565	0.0575306	0.0920526	0.0722404	0.059401	0	0.0684059	0.0461003	0.0607683	0.0461984	0.0893942	0.0489377	0.0637399	0.0631594	0.0679936	0.0519446	0.0611047	0.0465648	0.0891313	0.0741412	0.104401	0.0706622	0.122369	0.133831	0.118184	0.0500882	0.101859	0.055345	0.101331	0.0831465	0.113018	0.119971	0.127569	0.0775536	0.107876	0.103739	0.130778	0.0696127	0.162939	0.0975154	0.128518	0.0780303	0.153823	0.0854032	0.154771	0.109229	0.134573	0.0946466	0.134765	0.0995551	0.124559	0.172725	0.0978807	0.137192	0.107849	0.127437	0.13284	0.116657	0.11862	0.113553	0.112573	0.0950308	0.104033	0.109501	0.104671	0.0944123	0.12166	0.102148	0.148845	0.12608	0.085943	0.11857	0.106699	0.114313	0.0996363	0.114403	0.108015	0.0916273	0.109586	0.0868594	0.105829	0.0907217	0.148767	0.105931	0.103091	0.135022	0.138403	0.0982584	0.124965	0.0888853	0.150003	0.115439	0.132253	0.124509	0.126136	0.0875824	0.105162	0.126935	0.126387	0.105908
WRC15_51  	0.0396021	0.0826799	0.0455167	0.0879667	0.0782913	0.115955	0.0819565	0.133855	0.0348899	0.0778055	0.0340319	0.0766995	0.0497131	0.0896543	0.056625	0.0986624	0.0372923	0.0684059	0	0.0795066	0.0597822	0.0903559	0.0680711	0.0698014	0.0657699	0.0997462	0.05277	0.061442	0.050563	0.0740247	0.0720397	0.0968817	0.104702	0.115154	0.118826	0.15952	0.118602	0.0860819	0.0974685	0.0851893	0.101283	0.120678	0.117291	0.14437	0.125742	0.103422	0.10536	0.134762	0.130579	0.0952227	0.157176	0.120507	0.126331	0.0950258	0.148921	0.10285	0.157485	0.138068	0.129955	0.107123	0.128723	0.110958	0.12314	0.172672	0.0933232	0.145349	0.0838803	0.126792	0.154643	0.144913	0.139006	0.153965	0.0876721	0.10972	0.0809503	0.111108	0.097052	0.118475	0.111764	0.111658	0.138991	0.152457	0.0782841	0.131604	0.120594	0.144726	0.09657	0.134357	0.0977128	0.1194	0.0917213	0.0918686	0.0945802	0.107288	0.134912	0.118356	0.137199	0.134879	0.136269	0.11576	0.121614	0.0969863	0.150485	0.130463	0.151573	0.130458	0.126111	0.110642	0.103101	0.140347	0.135371	0.112039
WRC15_52  	0.0838368	0.0509914	0.0946364	0.0476407	0.0990836	0.064524	0.104536	0.0709679	0.0805195	0.0345246	0.0885622	0.0411165	0.0869687	0.0561906	0.109914	0.0468296	0.0714557	0.0461003	0.0795066	0	0.0903505	0.0465262	0.115346	0.0547336	0.0821021	0.0617663	0.0863445	0.0543227	0.0815694	0.0624107	0.113815	0.0596776	0.134374	0.0648016	0.150102	0.119284	0.127929	0.0644116	0.130139	0.0728553	0.130681	0.0882533	0.1256	0.108129	0.139994	0.0948214	0.13664	0.0997408	0.160242	0.0781093	0.191172	0.107214	0.156169	0.098463	0.182481	0.105341	0.181439	0.111293	0.163585	0.111588	0.162128	0.116749	0.148351	0.177758	0.095147	0.129044	0.114476	0.115327	0.133351	0.11089	0.12991	0.108162	0.116667	0.0910649	0.1093	0.101246	0.118822	0.0965541	0.136567	0.106799	0.147949	0.11823	0.0908382	0.110446	0.112109	0.110405	0.114804	0.106034	0.113137	0.0866637	0.116524	0.0885746	0.118132	0.0943578	0.161666	0.104326	0.105107	0.149151	0.155408	0.103869	0.142311	0.0969797	0.164725	0.12188	0.136727	0.138945	0.150189	0.092172	0.125798	0.128188	0.138967	0.11298
WRC15_53  	0.0558721	0.11292	0.0773558	0.11232	0.0671758	0.109915	0.050914	0.127984	0.0483948	0.0920366	0.0531255	0.102369	0.031112	0.0928449	0.0593301	0.112972	0.0566115	0.0607683	0.0597822	0.0903505	0	0.0845428	0.0477619	0.0690226	0.055897	0.0950892	0.0483929	0.072806	0.0466228	0.0637187	0.05997	0.100732	0.0647562	0.103695	0.0848089	0.15209	0.0970419	0.073449	0.0626728	0.0706767	0.0686328	0.103891	0.0952997	0.137618	0.102325	0.0750899	0.0768961	0.130395	0.0956509	0.0797308	0.128134	0.0991297	0.0944641	0.069155	0.115388	0.0778908	0.121034	0.126252	0.0976291	0.0807869	0.0965404	0.0844504	0.0911633	0.156075	0.102361	0.152081	0.0869476	0.144756	0.141792	0.13841	0.118678	0.143551	0.0990664	0.118149	0.0891419	0.117694	0.0721252	0.111651	0.0856524	0.102194	0.155269	0.144472	0.0875841	0.132967	0.106233	0.131313	0.0840439	0.124355	0.0949981	0.116627	0.0907975	0.0854393	0.0811173	0.0990559	0.119612	0.109156	0.119958	0.0995385	0.102646	0.0974685	0.0868419	0.080368	0.117793	0.105461	0.128266	0.0935184	0.0891991	0.0982643	0.0660605	0.125979	0.1114	0.0928322
WRC15_54  	0.0988058	0.0658691	0.111093	0.071767	0.100559	0.0568755	0.0964719	0.0731914	0.0897947	0.0442385	0.098258	0.0612684	0.0886519	0.0551965	0.110715	0.0528297	0.0828961	0.0461984	0.0903559	0.0465262	0.0845428	0	0.106156	0.0565666	0.0923072	0.0665101	0.091026	0.0593658	0.077838	0.0467586	0.105562	0.0662395	0.122374	0.0743088	0.14043	0.129375	0.125822	0.0557091	0.119604	0.0597008	0.115201	0.078693	0.12095	0.117394	0.136206	0.0878167	0.124894	0.0982291	0.148527	0.0797058	0.179451	0.105843	0.145119	0.0927976	0.172115	0.0962968	0.167363	0.109528	0.15353	0.108251	0.150628	0.11577	0.135724	0.18101	0.102507	0.137195	0.121776	0.126606	0.135089	0.113851	0.126172	0.108395	0.129884	0.095241	0.119871	0.116449	0.119086	0.0914526	0.133297	0.106279	0.153064	0.125781	0.0982181	0.12225	0.114589	0.110528	0.111164	0.113692	0.121753	0.0936079	0.124283	0.0984507	0.118724	0.0888996	0.162731	0.110063	0.107357	0.143805	0.149625	0.111454	0.13927	0.102961	0.160152	0.125222	0.144156	0.132852	0.142092	0.10146	0.121927	0.138064	0.13663	0.120832
WRC15_55  	0.0630868	0.129049	0.0797462	0.130745	0.0907576	0.139331	0.0623294	0.152389	0.0638605	0.11297	0.0575609	0.117698	0.0488566	0.115556	0.0320269	0.130937	0.076512	0.0893942	0.0680711	0.115346	0.0477619	0.106156	0	0.091062	0.0847738	0.129281	0.0660641	0.0874863	0.0594605	0.0837657	0.0445279	0.113768	0.0581484	0.129499	0.0728642	0.180187	0.109386	0.0923119	0.0518192	0.0839465	0.0574535	0.123757	0.108247	0.163843	0.111424	0.0910657	0.0629142	0.140464	0.0867813	0.10238	0.111291	0.121464	0.086556	0.0840384	0.101474	0.0942835	0.12561	0.14309	0.086484	0.0970178	0.0802661	0.0969023	0.0841528	0.153247	0.110931	0.164502	0.0967369	0.158907	0.166077	0.16337	0.140172	0.169777	0.0991	0.128949	0.0865496	0.125696	0.0774852	0.129265	0.0726017	0.108778	0.164087	0.16759	0.0933559	0.14515	0.122308	0.157297	0.0822269	0.142444	0.100306	0.138536	0.0935199	0.100025	0.0859378	0.115165	0.114944	0.118833	0.144508	0.100588	0.0899154	0.112952	0.0797852	0.0860035	0.118009	0.122124	0.142927	0.102015	0.0808114	0.115117	0.0656478	0.144813	0.118079	0.108517
WRC15_56  	0.0810201	0.0784175	0.0879408	0.0757848	0.076852	0.0804047	0.0808079	0.0971334	0.0682294	0.0586521	0.0754403	0.0719894	0.0709022	0.0553601	0.0956815	0.0748775	0.0575983	0.0489377	0.0698014	0.0547336	0.0690226	0.0565666	0.091062	0	0.0618433	0.0564603	0.0576097	0.0425945	0.0461161	0.0365981	0.0819245	0.0643148	0.114237	0.0785706	0.1286	0.116421	0.109534	0.060628	0.104198	0.0679625	0.108557	0.0971479	0.104791	0.101694	0.120139	0.0914357	0.114337	0.105421	0.139259	0.0777512	0.168811	0.103955	0.133957	0.0887113	0.158122	0.0939104	0.159594	0.11918	0.13997	0.0972373	0.135151	0.102685	0.120154	0.168266	0.07296	0.118686	0.0909591	0.1049	0.119312	0.103156	0.102893	0.103833	0.106517	0.0893164	0.0989372	0.0917683	0.0930755	0.0846609	0.115343	0.0916716	0.12984	0.110231	0.0643043	0.0987645	0.087347	0.0971495	0.0815218	0.0852896	0.093833	0.0830958	0.0918407	0.0716974	0.0926388	0.0783303	0.135297	0.0909115	0.0950591	0.129868	0.13797	0.0939049	0.124684	0.0832159	0.143268	0.108068	0.127803	0.117121	0.127313	0.0854703	0.101246	0.116264	0.11121	0.0967843
WRC15_57  	0.0755744	0.0983254	0.0880219	0.0928375	0.0792455	0.107517	0.087193	0.119641	0.0510133	0.0863018	0.0599786	0.0944038	0.0596446	0.0875996	0.0911752	0.110979	0.0481618	0.0637399	0.0657699	0.0821021	0.055897	0.0923072	0.0847738	0.0618433	0	0.0822636	0.0399146	0.0742901	0.0598331	0.0687059	0.0861084	0.0943043	0.0967302	0.0930269	0.108035	0.142745	0.116557	0.0742667	0.0864471	0.074926	0.0989629	0.0993052	0.112971	0.132534	0.12859	0.0900874	0.1008	0.122268	0.126034	0.0797999	0.154744	0.104779	0.120262	0.0881973	0.136033	0.0884789	0.140701	0.121421	0.11935	0.0937264	0.124202	0.0949452	0.11942	0.169332	0.0989108	0.148433	0.103822	0.137248	0.143883	0.133391	0.129149	0.141166	0.102744	0.126398	0.0984322	0.120621	0.105448	0.11854	0.12263	0.117704	0.156171	0.139826	0.0873637	0.131418	0.113069	0.13048	0.104086	0.123699	0.101661	0.116112	0.105578	0.0897699	0.107214	0.112192	0.149878	0.118707	0.121133	0.135958	0.134128	0.103596	0.121413	0.0887787	0.150061	0.117673	0.134749	0.126462	0.119266	0.100279	0.098599	0.116107	0.125465	0.100915
WRC15_58  	0.108616	0.0879391	0.12012	0.0843733	0.081517	0.0621506	0.103945	0.087361	0.0966896	0.0668404	0.104674	0.0876134	0.0962811	0.0657978	0.130258	0.0802102	0.0821396	0.0631594	0.0997462	0.0617663	0.0950892	0.0665101	0.129281	0.0564603	0.0822636	0	0.0929432	0.0792472	0.0851805	0.0672048	0.120048	0.0907232	0.135917	0.0864487	0.153722	0.101183	0.124748	0.0820931	0.132481	0.0962407	0.132406	0.10453	0.114893	0.0972966	0.13895	0.109696	0.142079	0.126205	0.160182	0.0898085	0.192931	0.108603	0.155119	0.108249	0.182881	0.108783	0.173149	0.128556	0.164331	0.115471	0.163926	0.122868	0.144212	0.188813	0.0896397	0.111829	0.114179	0.105662	0.107415	0.0855813	0.112009	0.0884562	0.134087	0.0909054	0.126657	0.108096	0.119166	0.0884993	0.147549	0.111725	0.141176	0.0935005	0.0890044	0.0978258	0.0934607	0.0870554	0.110089	0.0935587	0.117616	0.0753184	0.118265	0.101528	0.115944	0.0983951	0.159392	0.121004	0.0948068	0.153531	0.160401	0.116137	0.148244	0.109474	0.164812	0.128867	0.143422	0.133107	0.15019	0.106509	0.128694	0.131283	0.126889	0.123749
WRC15_59  	0.0654793	0.105296	0.0717039	0.103638	0.0699265	0.114549	0.074958	0.131117	0.0468949	0.0871621	0.045587	0.0968993	0.0527035	0.0858696	0.0718677	0.107999	0.042544	0.0679936	0.05277	0.0863445	0.0483929	0.091026	0.0660641	0.0576097	0.0399146	0.0929432	0	0.0649571	0.0397533	0.0656161	0.0583865	0.0997469	0.0896266	0.10788	0.100196	0.146153	0.105385	0.0828369	0.0787085	0.0814779	0.0917633	0.113543	0.102006	0.133859	0.1122	0.0967814	0.0937725	0.129229	0.117104	0.0888341	0.145778	0.110297	0.112891	0.0895688	0.130173	0.0921834	0.132387	0.129983	0.113825	0.0946139	0.110723	0.0992039	0.100808	0.168495	0.0937112	0.146508	0.0879637	0.132769	0.142049	0.136369	0.124625	0.146104	0.100401	0.123269	0.0896544	0.117006	0.0918737	0.118205	0.103517	0.109689	0.14741	0.142531	0.0793566	0.128433	0.110087	0.132993	0.0870368	0.120923	0.0945295	0.119006	0.0890283	0.085029	0.0921049	0.10558	0.129025	0.113323	0.126868	0.122088	0.125896	0.108023	0.114318	0.0904823	0.135644	0.11598	0.137343	0.11641	0.11276	0.107458	0.0906913	0.123367	0.117026	0.103237
WRC15_60  	0.0698787	0.0740759	0.0780143	0.0731591	0.0906022	0.0938704	0.0888724	0.10268	0.065629	0.0555743	0.0708995	0.0622094	0.0702312	0.0591207	0.0878669	0.0677639	0.0597638	0.0519446	0.061442	0.0543227	0.072806	0.0593658	0.0874863	0.0425945	0.0742901	0.0792472	0.0649571	0	0.0523117	0.0411084	0.0808016	0.0564317	0.117201	0.0825568	0.132531	0.134986	0.117152	0.0616473	0.107097	0.0654567	0.107984	0.0991552	0.113229	0.114122	0.126382	0.0947089	0.112987	0.100972	0.141318	0.0815166	0.172079	0.11146	0.139342	0.0889324	0.160328	0.0985269	0.162364	0.116966	0.144599	0.101682	0.13958	0.106139	0.125988	0.168044	0.0866722	0.134351	0.0974927	0.117698	0.138674	0.124138	0.119961	0.121722	0.108903	0.0987194	0.0985202	0.100314	0.103755	0.0970511	0.114928	0.0978182	0.138671	0.131767	0.0762504	0.113398	0.103549	0.118752	0.0893875	0.103944	0.10176	0.0980561	0.0987512	0.0721341	0.100219	0.0828265	0.137947	0.0887472	0.111945	0.131503	0.139759	0.0996827	0.126125	0.0847937	0.148343	0.109952	0.13237	0.126089	0.134212	0.0861327	0.108225	0.123033	0.119973	0.0989066
WRC15_61  	0.0589639	0.103713	0.069194	0.103355	0.0599309	0.105632	0.0627534	0.128806	0.0515027	0.0803294	0.0523685	0.092373	0.0503885	0.0776454	0.063505	0.0993328	0.0465748	0.0611047	0.050563	0.0815694	0.0466228	0.077838	0.0594605	0.0461161	0.0598331	0.0851805	0.0397533	0.0523117	0	0.0523213	0.0480585	0.0913125	0.0901117	0.107827	0.109791	0.142516	0.0961018	0.0771487	0.08513	0.075819	0.0913942	0.113203	0.0905883	0.128161	0.105011	0.100011	0.0985533	0.128381	0.116001	0.090571	0.147653	0.113844	0.11462	0.0902103	0.135918	0.0984781	0.141003	0.134727	0.121067	0.101105	0.113763	0.106798	0.100681	0.169317	0.0788662	0.128768	0.0752695	0.119464	0.129697	0.125815	0.107036	0.132894	0.0938727	0.102863	0.0846973	0.0969123	0.0744951	0.0989009	0.0936233	0.0859115	0.130643	0.128566	0.0640239	0.109832	0.0910279	0.117628	0.0657854	0.103507	0.0805499	0.102803	0.0744475	0.0705846	0.0712375	0.0823724	0.111156	0.0964265	0.114225	0.11197	0.120968	0.101777	0.106491	0.0789492	0.12489	0.10237	0.129661	0.101868	0.110759	0.100496	0.0853468	0.124398	0.101047	0.0932198
WRC15_62  	0.0850464	0.0877614	0.0963571	0.0860466	0.0874821	0.0867223	0.0820697	0.103043	0.0715679	0.0651604	0.0803264	0.0804047	0.0711556	0.0619139	0.0940791	0.0798249	0.0637666	0.0465648	0.0740247	0.0624107	0.0637187	0.0467586	0.0837657	0.0365981	0.0687059	0.0672048	0.0656161	0.0411084	0.0523213	0	0.0784221	0.0631186	0.104837	0.0822297	0.124571	0.131345	0.116016	0.0514671	0.0978074	0.0523607	0.0978477	0.0921628	0.111105	0.115788	0.124855	0.0866263	0.107088	0.101166	0.132714	0.0769679	0.167023	0.101161	0.132115	0.0840214	0.15232	0.0894326	0.15079	0.117043	0.137908	0.0958809	0.133057	0.101438	0.118349	0.166667	0.0884975	0.131046	0.101586	0.119288	0.132152	0.114614	0.11084	0.112949	0.112583	0.0965172	0.101974	0.102661	0.100426	0.0854165	0.11426	0.0912389	0.141702	0.123809	0.0794748	0.112376	0.101201	0.107548	0.0877779	0.0992441	0.101342	0.0905829	0.102268	0.0752657	0.0980102	0.0709572	0.139858	0.0867105	0.100753	0.125482	0.135915	0.09329	0.121497	0.082293	0.140005	0.101434	0.126312	0.116288	0.124707	0.0859847	0.101069	0.118221	0.116134	0.0970552
WRC15_63  	0.0755183	0.135499	0.0838248	0.136298	0.0756773	0.130985	0.0655805	0.15421	0.0729553	0.110965	0.0666347	0.122617	0.0641146	0.108556	0.0569679	0.127861	0.0761114	0.0891313	0.0720397	0.113815	0.05997	0.105562	0.0445279	0.0819245	0.0861084	0.120048	0.0583865	0.0808016	0.0480585	0.0784221	0	0.117059	0.078355	0.135443	0.0986412	0.171575	0.108166	0.103101	0.0755379	0.0964894	0.0797515	0.134531	0.10153	0.157037	0.112257	0.112798	0.0890999	0.150353	0.101541	0.111982	0.132658	0.130496	0.110633	0.105638	0.119627	0.111839	0.136972	0.152797	0.110261	0.111966	0.100514	0.115982	0.089498	0.175547	0.0991352	0.151012	0.0870769	0.144188	0.145796	0.15045	0.120042	0.158383	0.0969368	0.120258	0.0856355	0.111485	0.0746685	0.123156	0.0789095	0.10001	0.148417	0.154747	0.0814481	0.130131	0.104215	0.143856	0.0667207	0.12757	0.0859499	0.129486	0.0771591	0.0906814	0.0737199	0.104937	0.0917955	0.109797	0.136328	0.0992131	0.105793	0.119196	0.0947569	0.0908419	0.110774	0.111482	0.140777	0.0955694	0.0964315	0.120076	0.0728313	0.142959	0.0967864	0.108164
WRC15_64  	0.0963722	0.0713957	0.0991254	0.0572625	0.120229	0.0947387	0.117646	0.0801178	0.0941029	0.0667038	0.10022	0.0619451	0.100308	0.0699292	0.116573	0.0658133	0.0911273	0.0741412	0.0968817	0.0596776	0.100732	0.0662395	0.113768	0.0643148	0.0943043	0.0907232	0.0997469	0.0564317	0.0913125	0.0631186	0.117059	0	0.136993	0.0572597	0.148954	0.124324	0.125021	0.061305	0.124901	0.0670712	0.128498	0.0918211	0.125986	0.10569	0.135235	0.0955456	0.130401	0.0748115	0.162212	0.0779022	0.18869	0.107627	0.154558	0.0973117	0.176552	0.101636	0.183995	0.102897	0.161472	0.102595	0.155197	0.105341	0.148117	0.162855	0.0960632	0.140317	0.119531	0.125867	0.14723	0.126297	0.131461	0.119435	0.113465	0.106498	0.111923	0.108054	0.121969	0.100805	0.132569	0.11141	0.156839	0.129944	0.100527	0.118165	0.119197	0.117732	0.115117	0.102399	0.116828	0.0991893	0.121569	0.0788136	0.121736	0.0916981	0.158003	0.0840907	0.109683	0.141423	0.142771	0.086011	0.133934	0.0798698	0.158707	0.10508	0.120916	0.137636	0.141799	0.071537	0.123075	0.106591	0.132432	0.0913879
WRC15_65  	0.0977323	0.156599	0.115531	0.154195	0.0900507	0.139638	0.054193	0.158262	0.0935003	0.131791	0.0921591	0.14322	0.0687146	0.131694	0.0735531	0.15205	0.103831	0.104401	0.104702	0.134374	0.0647562	0.122374	0.0581484	0.114237	0.0967302	0.135917	0.0896266	0.117201	0.0901117	0.104837	0.078355	0.136993	0	0.134847	0.0476006	0.176446	0.108902	0.104899	0.0403395	0.0989736	0.0319162	0.118633	0.104183	0.161727	0.111823	0.0810661	0.0501628	0.155668	0.0460811	0.101525	0.0852232	0.101884	0.0671605	0.082386	0.0748756	0.0879186	0.0930983	0.142123	0.059276	0.0873901	0.0660522	0.0901039	0.0634901	0.14843	0.138104	0.18132	0.121528	0.179748	0.160044	0.169678	0.132378	0.173712	0.120391	0.142388	0.105171	0.141412	0.0880945	0.13768	0.0810669	0.121707	0.186587	0.174974	0.118932	0.160217	0.131598	0.161189	0.103852	0.156841	0.114558	0.147373	0.109499	0.117712	0.102851	0.129466	0.126419	0.134839	0.142142	0.0791968	0.0758094	0.122804	0.0661423	0.0997283	0.107294	0.123993	0.146338	0.0773227	0.0643172	0.124673	0.063269	0.155067	0.113271	0.116189
WRC15_66  	0.111037	0.0753143	0.118192	0.0618135	0.116693	0.08013	0.117154	0.0643675	0.102659	0.0708008	0.112462	0.0732013	0.101752	0.07251	0.132201	0.0754196	0.102628	0.0706622	0.115154	0.0648016	0.103695	0.0743088	0.129499	0.0785706	0.0930269	0.0864487	0.10788	0.0825568	0.107827	0.0822297	0.135443	0.0572597	0.134847	0	0.139807	0.110464	0.114725	0.0552359	0.123903	0.0703643	0.13004	0.0626982	0.113797	0.0984715	0.127954	0.0761378	0.12871	0.0712046	0.158839	0.0513835	0.178949	0.0867102	0.14156	0.0861367	0.172475	0.0909412	0.179132	0.0801725	0.152534	0.0909006	0.149652	0.0921946	0.143709	0.159617	0.110217	0.149335	0.131798	0.13843	0.143221	0.126965	0.131976	0.117629	0.121415	0.118634	0.11982	0.119246	0.129225	0.103944	0.14222	0.117117	0.171666	0.133136	0.112383	0.128183	0.124255	0.119548	0.126901	0.110812	0.123664	0.101962	0.131671	0.0891768	0.132632	0.103479	0.169509	0.101173	0.0921499	0.141904	0.137187	0.0728194	0.132586	0.0794121	0.154226	0.105663	0.108715	0.131512	0.133577	0.0606748	0.121171	0.10015	0.131018	0.0913809
WRC15_67  	0.110205	0.16234	0.124849	0.161717	0.109725	0.155882	0.0784012	0.170531	0.101616	0.145783	0.0996288	0.155632	0.0849573	0.139813	0.0865008	0.165773	0.115102	0.122369	0.118826	0.150102	0.0848089	0.14043	0.0728642	0.1286	0.108035	0.153722	0.100196	0.132531	0.109791	0.124571	0.0986412	0.148954	0.0476006	0.139807	0	0.187208	0.114562	0.113798	0.0411767	0.108522	0.0532683	0.120237	0.114359	0.175136	0.11619	0.078657	0.0382352	0.148661	0.0607765	0.106765	0.0648107	0.106221	0.0580816	0.0863578	0.0666587	0.0875497	0.10353	0.136795	0.0471617	0.0881667	0.0576104	0.0858549	0.0644256	0.136161	0.151079	0.201903	0.139736	0.198452	0.181166	0.187884	0.160602	0.192946	0.132348	0.161576	0.116366	0.162386	0.106731	0.157106	0.0948256	0.143486	0.205572	0.196195	0.134302	0.18301	0.154711	0.180827	0.121286	0.17673	0.132334	0.166913	0.128842	0.135973	0.124889	0.152598	0.142463	0.155288	0.157781	0.0992674	0.0726385	0.12835	0.0745054	0.11038	0.120221	0.144823	0.159162	0.102275	0.0566732	0.127159	0.0749203	0.162501	0.127646	0.132638
WRC15_68  	0.155826	0.137816	0.158879	0.123941	0.132091	0.11766	0.145232	0.108978	0.153664	0.125752	0.157274	0.133341	0.152894	0.104472	0.182222	0.120921	0.141611	0.133831	0.15952	0.119284	0.15209	0.129375	0.180187	0.116421	0.142745	0.101183	0.146153	0.134986	0.142516	0.131345	0.171575	0.124324	0.176446	0.110464	0.187208	0	0.104715	0.138542	0.17542	0.153208	0.174545	0.148191	0.0989705	0.0663261	0.115909	0.155886	0.185837	0.14442	0.19712	0.124174	0.220308	0.115036	0.180191	0.150827	0.218629	0.138232	0.205261	0.152699	0.19816	0.130751	0.189185	0.144142	0.164194	0.19898	0.1315	0.144731	0.157449	0.141881	0.143789	0.12769	0.145584	0.123741	0.160426	0.137614	0.162824	0.140034	0.15797	0.121102	0.177191	0.140872	0.18155	0.12714	0.138817	0.132776	0.142106	0.114773	0.155208	0.112042	0.156096	0.117919	0.155686	0.127991	0.15716	0.131625	0.181823	0.136153	0.105482	0.168535	0.178455	0.116763	0.174479	0.134226	0.16978	0.137338	0.130614	0.150681	0.17594	0.120071	0.160716	0.132474	0.142413	0.130845
WRC15_69  	0.10383	0.143875	0.107276	0.134196	0.091985	0.123328	0.0853026	0.128041	0.111441	0.121034	0.108471	0.133765	0.100988	0.103748	0.116487	0.131854	0.111456	0.118184	0.118602	0.127929	0.0970419	0.125822	0.109386	0.109534	0.116557	0.124748	0.105385	0.117152	0.0961018	0.116016	0.108166	0.125021	0.108902	0.114725	0.114562	0.104715	0	0.111739	0.107372	0.119969	0.107844	0.122582	0.0301025	0.081745	0.0438208	0.112432	0.118035	0.132771	0.126401	0.0986907	0.146283	0.100647	0.102207	0.10193	0.147055	0.0964481	0.150082	0.126709	0.124413	0.0889199	0.114387	0.10098	0.0908842	0.148509	0.117933	0.15034	0.107855	0.149648	0.14072	0.141453	0.120372	0.142313	0.111542	0.124514	0.104715	0.118492	0.0915183	0.104478	0.104184	0.0994489	0.160887	0.144548	0.109501	0.135509	0.11804	0.131581	0.102443	0.12405	0.101718	0.114966	0.0992124	0.092529	0.0978577	0.103341	0.120332	0.111573	0.0989498	0.0980392	0.104591	0.0922333	0.101731	0.0923297	0.103408	0.0972385	0.108102	0.0871888	0.10314	0.103244	0.0905095	0.131502	0.0928993	0.0929928
WRC15_70  	0.0936259	0.0781333	0.102896	0.0744952	0.100608	0.0883491	0.0938765	0.0893136	0.0739252	0.0676741	0.0852682	0.0766643	0.0761571	0.0712017	0.10172	0.0824248	0.0785017	0.0500882	0.0860819	0.0644116	0.073449	0.0557091	0.0923119	0.060628	0.0742667	0.0820931	0.0828369	0.0616473	0.0771487	0.0514671	0.103101	0.061305	0.104899	0.0552359	0.113798	0.138542	0.111739	0	0.0931818	0.0321548	0.0970003	0.0593687	0.112704	0.11724	0.122605	0.0535847	0.0962818	0.0770951	0.130567	0.0496634	0.155772	0.085983	0.119571	0.0594191	0.144836	0.0699834	0.153511	0.0863018	0.127197	0.0754196	0.124473	0.0792119	0.121214	0.155594	0.110251	0.153198	0.117252	0.141221	0.151844	0.132996	0.131666	0.126789	0.116831	0.115802	0.104873	0.120323	0.113785	0.100528	0.123667	0.103808	0.167615	0.14335	0.0993658	0.13193	0.121325	0.127386	0.106901	0.118977	0.112529	0.106061	0.116881	0.0847594	0.115542	0.0959624	0.157609	0.102177	0.108242	0.131185	0.125701	0.0790887	0.119328	0.0718888	0.148552	0.105563	0.117956	0.124338	0.112958	0.0684257	0.0984095	0.108494	0.126962	0.0931669
